name: bio
channels:
  - conda-forge
  - bioconda
  - defaults
dependencies:
  - backports=1.0=py_2
  - backports.functools_lru_cache=1.6.4=pyhd8ed1ab_0
  - biopython=1.79=py310he2143c4_1
  - blast=2.12.0=pl5262h78c34c6_0
  - bzip2=1.0.8=h3422bc3_4
  - c-ares=1.18.1=h0d85af4_0
  - ca-certificates=2021.10.8=h033912b_0
  - cffi=1.15.0=py310hf10583b_0
  - curl=7.80.0=h97da3c1_0
  - entrez-direct=16.2=h193322a_0
  - krb5=1.19.2=h289aae4_3
  - libblas=3.9.0=12_osxarm64_openblas
  - libcblas=3.9.0=12_osxarm64_openblas
  - libcurl=7.80.0=h97da3c1_0
  - libcxx=12.0.1=h168391b_0
  - libedit=3.1.20191231=h0678c8f_2
  - libev=4.33=haf1e3a3_1
  - libffi=3.4.2=h3422bc3_5
  - libgfortran=5.0.0.dev0=11_0_1_hf114ba7_23
  - libgfortran5=11.0.1.dev0=hf114ba7_23
  - liblapack=3.9.0=12_osxarm64_openblas
  - libnghttp2=1.43.0=hfd382f3_1
  - libopenblas=0.3.18=openmp_h5dd58f0_0
  - libssh2=1.10.0=hd3787cc_2
  - libzlib=1.2.11=hee7b306_1013
  - lineedit=0.1.6=pyhd8ed1ab_0
  - llvm-openmp=12.0.1=hf3c4609_1
  - ncurses=6.2=h9aa5885_4
  - numpy=1.21.4=py310h6e1bb13_0
  - openssl=3.0.0=h0d85af4_2
  - pandas=1.3.4=py310hdead3df_1
  - pcre=8.45=he49afe7_0
  - perl=5.26.2=hbcb3906_1008
  - perl-archive-tar=2.32=pl526_0
  - perl-carp=1.38=pl526_3
  - perl-common-sense=3.74=pl526_2
  - perl-compress-raw-bzip2=2.087=pl526h6de7cb9_0
  - perl-compress-raw-zlib=2.087=pl526h770b8ee_0
  - perl-exporter=5.72=pl526_1
  - perl-exporter-tiny=1.002001=pl526_0
  - perl-extutils-makemaker=7.36=pl526_1
  - perl-io-compress=2.087=pl526h6de7cb9_0
  - perl-io-zlib=1.10=pl526_2
  - perl-json=4.02=pl526_0
  - perl-json-xs=2.34=pl526h04f5b5a_3
  - perl-list-moreutils=0.428=pl526_1
  - perl-list-moreutils-xs=0.428=pl526_0
  - perl-pathtools=3.75=pl526h1de35cc_1
  - perl-scalar-list-utils=1.52=pl526h01d97ff_0
  - perl-types-serialiser=1.0=pl526_2
  - perl-xsloader=0.24=pl526_0
  - pip=21.3.1=pyhd8ed1ab_0
  - pycparser=2.21=pyhd8ed1ab_0
  - pygments=2.10.0=pyhd8ed1ab_0
  - python=3.10.0=h43b31ca_2_cpython
  - python-dateutil=2.8.2=pyhd8ed1ab_0
  - python_abi=3.10=2_cp310
  - pytz=2021.3=pyhd8ed1ab_0
  - radian=0.5.12=pyhd8ed1ab_0
  - rchitect=0.3.33=py310he2143c4_1
  - readline=8.1=hedafd6a_0
  - scipy=1.7.2=py310h6ecf4ae_0
  - setuptools=58.5.3=py310hbe9552e_0
  - six=1.16.0=pyh6c4a22f_0
  - sqlite=3.36.0=h72a2b83_2
  - tk=8.6.11=he1e0b03_1
  - tzdata=2021e=he74cb21_0
  - wcwidth=0.2.5=pyh9f0ad1d_2
  - wheel=0.37.0=pyhd8ed1ab_1
  - xz=5.2.5=h642e427_1
  - zlib=1.2.11=hee7b306_1013
variables:
  CONDA_SUBDIR: osx-arm64
prefix: /Users/kevingaojx/miniforge3/envs/bio